image_width: 1280
image_height: 720
camera_name: evk4_left
camera_matrix:
  rows: 3
  cols: 3
  data: [1704.108154296875, 0.0, 665.9058837890625, 0.0, 1704.108154296875, 355.5428161621094,
    0.0, 0.0, 1.0]
distortion_model: plumb_bob
distortion_coefficients:
  rows: 1
  cols: 4
  data: [-0.09356387704610825, 0.415021687746048, -0.0005982438451610506, -0.0002659174788277596]
rectification_matrix:
  rows: 3
  cols: 3
  data: [0.998515121653055, 0.02594536805925217, 0.047899788167116625, -0.026222944844453047,
    0.999642721504368, 0.00517556828042993, -0.04774839257890763, -0.006423956694324457,
    0.9988387376281118]
projection_matrix:
  rows: 3
  cols: 4
  data: [1992.8583913588575, 0.0, 525.9301452636719, 0.0, 0.0, 1992.8583913588575,
    363.18131256103516, 0.0, 0.0, 0.0, 1.0, 0.0]
T_right_left:
  rows: 3
  cols: 4
  data: [0.9984877384915491, -0.043190344276980416, -0.034012207268385275, -0.10646699930447207,
    0.043602365977948976, 0.9989831594664272, 0.011466507035696856, -0.0074963770131678065,
    0.03348237989087234, -0.012932179387504388, 0.9993556368846541, -0.008670019329019946]
