image_width: 1280
image_height: 720
camera_name: evk4_left
camera_matrix:
  rows: 3
  cols: 3
  data: [1702.3431396484375, 0.0, 664.3054809570312, 0.0, 1702.3431396484375, 353.90386962890625,
    0.0, 0.0, 1.0]
distortion_model: plumb_bob
distortion_coefficients:
  rows: 1
  cols: 4
  data: [-0.09022922813892365, 0.38236916065216064, -0.0006769122555851936, -0.0002576941915322095]
rectification_matrix:
  rows: 3
  cols: 3
  data: [0.998515121653055, 0.02594536805925217, 0.047899788167116625, -0.026222944844453047,
    0.999642721504368, 0.00517556828042993, -0.04774839257890763, -0.006423956694324457,
    0.9988387376281118]
projection_matrix:
  rows: 3
  cols: 4
  data: [1990.7519070841454, 0.0, 527.0399971008301, 0.0, 0.0, 1990.7519070841454,
    366.1822395324707, 0.0, 0.0, 0.0, 1.0, 0.0]
T_right_left:
  rows: 3
  cols: 4
  data: [0.9984877384915491, -0.043190344276980416, -0.034012207268385275, -0.10646699930447207,
    0.043602365977948976, 0.9989831594664272, 0.011466507035696856, -0.0074963770131678065,
    0.03348237989087234, -0.012932179387504388, 0.9993556368846541, -0.008670019329019946]
