image_width: 1280
image_height: 720
camera_name: evk4_right
camera_matrix:
  rows: 3
  cols: 3
  data: [1708.825927734375, 0.0, 637.4714965820312, 0.0, 1708.825927734375, 364.9783630371094,
    0.0, 0.0, 1.0]
distortion_model: plumb_bob
distortion_coefficients:
  rows: 1
  cols: 4
  data: [-0.08182598650455475, 0.3818739354610443, -0.001417524297721684, 0.000587495684158057]
rectification_matrix:
  rows: 3
  cols: 3
  data: [0.9942553387668496, 0.07000585078420743, 0.08096605578633774, -0.06953423469116057,
    0.9975422075180254, -0.008633332263916882, -0.08137144179336919, 0.002953823969682657,
    0.9966794687282489]
projection_matrix:
  rows: 3
  cols: 4
  data: [1992.8583913588575, 0.0, 525.9301452636719, -213.39956115284082, 0.0, 1992.8583913588575,
    363.18131256103516, 0.0, 0.0, 0.0, 1.0, 0.0]
T_right_left:
  rows: 3
  cols: 4
  data: [0.9984877384915491, -0.043190344276980416, -0.034012207268385275, -0.10646699930447207,
    0.043602365977948976, 0.9989831594664272, 0.011466507035696856, -0.0074963770131678065,
    0.03348237989087234, -0.012932179387504388, 0.9993556368846541, -0.008670019329019946]
